0 2.051004852370367 0.6415134590622196
1 3.231265474693619 2.8670799910281604
2 3.2809889863122916 4.811536041566813
2 2.298833497606883 4.908510168869485
1 3.678273518420598 3.745629499633949
1 4.826958139896808 1.7713032785634746
1 3.577761586948411 2.2334563175538555
0 3.151020247973194 1.5860143049661046
2 3.2959762031235225 4.685193418208303
1 4.3483069593602695 4.232902711417442
0 3.409988321791908 0.5459590322260777
4 0.546493257160916 4.448942554631196
3 0.453023567893861 2.77310507923214
4 0.0710135988197097 3.671919697316376
3 0.6261294987845784 1.8612718632430891
3 0.7381532788489842 0.2142618913713623
4 0.017566953529892237 3.6480361800912435
3 1.0427429650778974 1.4697482535659718
0 4.344812932060784 0.880294291712807
0 2.057705818123108 1.2103303169888258
1 3.0710486858407426 3.5084459594984034
0 3.2403008928050587 0.2132880294530487
1 4.377327436379489 2.7832626296853356
4 0.4067825031506006 4.635068293808241
