0 9.206578558956743 7.0280119892492445
8 4.88723514083313 9.615812469784407
5 4.564961842284827 3.714473497751124
14 5.156294668609012 5.005526480864301
3 9.224837355382503 4.067623283170142
1 6.695634716627147 0.3603084329613093
16 7.126001762009184 3.9069518194048958
12 0.9687030000666819 6.961053542397543
13 1.6195418136153916 3.186640525988734
18 3.798440536526848 4.668144183069786
2 4.649292738734408 1.5927164804468352
6 2.4776376010970247 9.435281549982989
7 9.160704275910188 9.755957208277378
2 6.337647225931909 2.2138890139273357
13 1.256404935997767 2.7991339146454832
0 9.75176914901006 7.08158143725864
14 5.216671524811947 4.692984704072309
9 5.819935818666203 7.042928952070895
10 4.980230565404314 4.277839495539527
7 8.058411545053515 9.325937148121607
4 3.5787071884390063 7.743679629713237
4 1.952649579939495 7.49147464188238
3 9.805044414937733 4.76543362832747
8 4.056928687378698 8.890005323931918
13 1.7184582529348924 3.5761032525449954
10 4.919602473491548 3.972055708608245
18 2.3990792049509535 4.482051967154429
2 3.581003549762708 1.9943911387634472
3 8.914590049611007 5.499051980228863
13 0.6398120903328497 1.3868580244299744
6 2.5569343409615843 9.924292932577615
15 8.501090415798437 7.749347063118338
17 6.070316364944715 9.562415913439432
13 1.3339939975359838 1.185667124188159
13 2.094704527270098 2.2935193065354422
7 8.635556040564513 9.609323188265313
16 7.845699809652981 5.359182642156814
16 7.075735617181362 3.5082640919766694
16 6.695323423846639 3.2313067858795996
11 7.632965202356695 6.1766274978107525
8 5.0917440104128975 9.74425861856528
9 5.408646916591865 7.391983416650103
16 8.354365135126937 4.442547463955663
11 5.783463423953958 6.252577680475055
16 7.707240356388985 4.230410479546842
8 5.2880116272804365 8.967619509879713
18 3.5353116181231115 4.7747136704818836
12 0.1343701058767055 7.427380996852973
5 5.372189322227561 3.1582273701504207
16 7.9232109364369085 5.079942325385533
10 5.207717223313325 4.097906820866541
2 5.7222771348522095 1.2860268160220634
12 0.895857721593829 5.602426328893442
14 4.976641620227315 4.78262395373439
18 2.953715684059446 4.685268114730919
11 7.006845464866148 5.848235547334268
1 7.378623396843704 0.609329113718382
2 5.994660381457963 1.8910859529176116
14 5.546373431686237 5.26236786772706
13 0.3910282107579943 1.820461132091029
12 0.23062755684023606 7.002677499157263
10 5.31973260321281 3.729673228585831
9 6.683503907817614 7.476599575559027
13 1.3251636366903996 3.487640121018477
6 0.6495130209771682 8.927223385704986
13 3.0903449555060183 2.691002481227618
0 9.041119339662396 6.966212833594144
9 5.408144426945556 7.980876966366596
15 7.409873497635401 7.492191145820078
18 2.052591948569656 5.4342136753752595
10 5.4474767605091845 4.198621035491766
12 0.632786652245283 6.092351698632481
1 6.665184379467094 0.13236720156250548
1 8.916510504698058 1.7555731510305794
2 4.873770653958602 1.2303852656981817
15 8.425499105152333 7.050030819232598
13 3.007742882748844 1.6502145737779217
18 3.7884370334743664 5.144960425465723
11 6.471686438803662 5.7456028767055045
8 4.76342252878413 9.123621965632571
16 7.112898326141783 3.8022341863147
11 6.20062250074082 6.52537088098325
16 8.267607602881593 4.226643876747735
5 4.38301418483846 4.205193930577318
2 5.291114461260574 2.504328067351904
8 5.446923228301369 9.569735105433757
16 6.575837328285253 3.562304471280852
17 6.819682088727649 8.216668924276266
1 7.106668044244657 0.5932470484304397
2 4.307061979661876 1.7412735246200717
18 3.1993664051651893 5.244886824442028
5 5.091850168160416 2.945464567878676
6 2.244345451935258 8.598289883764805
1 8.233997443508468 0.32964693912626464
0 9.225583416685657 6.608221640927281
19 4.384462962191364 6.158662286245625
17 6.829637637812534 9.474546359925059
5 4.103282537963073 4.142243718636458
12 0.23593433732931324 5.713849588080717
1 8.21291929354754 0.08622022818590147
