0 1.6961220113162714 12.825180878905382
4 10.973650042718354 9.456398658894505
72 1.1701386835585228 9.693756861178066
62 15.27335745306764 21.57541506222929
0 3.086081578075912 11.240074850636004
52 8.601953511239708 17.891114795044327
1 18.318391808245874 12.615477537789284
10 5.319964517951457 21.597745402075123
66 7.90679634874159 22.36571830707131
28 14.082896777031843 4.390476725832916
62 13.667460746573358 22.555622005915684
21 22.024388091536387 9.884209223819123
2 18.69282582072599 14.081104835487066
36 4.943464845638051 0.59454204185655
61 20.58049159973089 8.357349025642085
37 18.210838511304587 16.24871448357606
62 12.962873666550157 19.930037315549214
59 1.3003606667368173 8.045232386815668
3 8.966157506078508 9.125743660187357
71 5.724773058121125 16.092986955594135
74 9.91352641081889 5.075257290968985
74 10.027906760506596 4.344541096502459
24 8.591291414764779 6.34901437139692
8 14.690370982474427 8.543530046026152
3 9.048450437775482 8.665515582232624
2 17.2162989248187 14.425900233400553
62 14.726851188150283 19.915068899638953
39 1.7099946197282174 19.678080107576672
33 16.177067129201024 15.309323968636061
11 8.131884195369885 3.8099047903500676
13 7.750731429964356 20.40253651743646
10 4.918670828120645 22.095976554530885
33 17.340812543313938 16.6571155045041
23 7.426891739477615 1.7185596441819553
56 2.1302182781158208 6.004014826184063
31 21.717824568341324 8.038566343042238
6 10.227634437382205 21.29951576392525
65 12.346554918091444 18.392922431470232
34 21.443176913474534 1.2992639532020969
40 0.7809121176122441 1.8823659270095832
46 15.848202460764789 13.66940555742122
4 11.03477604528061 9.025119300486645
7 18.601535046007918 20.9166443203369
18 3.3219856890557575 0.44749728719447845
18 2.2568405797924393 1.371840431848911
71 6.519307985276527 15.977274121295126
61 20.052864432335458 8.716129637218373
28 15.355527432020978 3.7252665701734236
8 14.71315497091986 8.364663249881827
31 21.578660123226882 7.215541453169667
57 3.945353392549942 6.4084854109577405
57 4.221364229620008 5.196111366314501
68 9.182087651768914 13.145119617885664
25 22.688565540327858 19.778154954473916
9 19.87950777851222 1.6508154621408275
24 7.315250448061727 8.690341183002316
54 1.9022590428195767 3.1512812231415763
40 1.2775579004978246 2.885444301458822
15 17.16183425546782 2.5786452096042014
43 16.225524211995463 18.83933013270706
10 4.229563563844153 22.712851409400795
48 10.821409224342176 2.5482726258684707
54 2.206247640727107 4.200916693318083
35 1.3066477538938335 18.05678762496529
62 13.893462427588922 22.342353365722474
45 6.635695280534592 12.662523296742007
11 7.328640405245423 4.192655796381054
46 15.128172893029905 11.437210331237385
71 5.330004687464013 15.68487136750296
73 7.884103695557734 16.193660120550724
59 0.4928790878709043 8.910713820581838
67 20.772519856214835 3.705497439299264
12 18.049308118352236 22.719180368428283
20 21.882565254191007 15.938016508595993
19 12.455444102564917 8.652854125661452
26 12.271090736680609 13.154570953473476
44 13.883449922405902 11.03105863294618
22 13.85315044065803 0.5408939024477293
13 8.322554084615152 21.107917539764976
66 6.845609253597076 22.985600311849964
9 18.46877437092632 1.203802552129812
79 16.222926072550674 21.294158413352093
59 0.3216487389439231 8.314389865125452
22 13.964828135326332 2.086787183554633
30 0.3774699255703965 22.596469105200665
75 22.658137316762485 14.560696644616636
39 1.9288721578653014 18.908118850743683
64 17.08276004703426 7.040280518210293
7 18.367648037406678 21.769829041922804
20 22.65475011966674 17.265388595971572
15 18.839989017787 3.091950940797393
39 2.3214645959444637 19.355531992849215
33 15.956536771707544 15.897942066886827
45 7.778798432186554 11.912679674518571
73 7.928594218556419 16.88038500008882
10 5.74608607864245 20.646045079521656
73 8.721639256242888 16.976485184458934
6 12.009408539307437 21.741131725538395
42 2.333484667375142 9.653497198538032
68 10.693635815581494 12.862013193414935
67 21.1443000869859 4.918782065328589
34 22.521972424185407 0.2224266567926353
17 19.43341777181504 22.42617405922646
13 9.703288499040914 20.952523129259234
50 0.013659845468853793 15.074730532511959
14 1.1183624341678176 21.11376441786648
6 10.8766348749421 22.34787668353662
53 13.781822404442165 8.165217932813405
18 2.873708347093519 0.1881561895364814
19 11.918478884028806 7.6964552143619445
35 0.5122299386452761 17.893524212674564
0 3.27140151322349 12.851910204500369
33 16.867380307461342 15.58090409718116
48 10.022669083353971 2.903624560854161
19 13.105341615021128 8.353185154011557
40 0.4503909506885633 3.3631618015023568
15 18.304980506001343 4.491660884843225
63 14.39885404010371 14.979802202019378
64 16.188883668575397 6.036081365346842
2 17.335808405183748 13.661993734276113
20 22.775251126906056 16.364169740345865
60 3.114612840810507 8.620028687896717
34 22.9321648138255 0.6241022605474874
28 14.57970975730748 4.7741338755944795
27 5.458606465033311 13.904714435029911
46 14.537756629716464 12.466614589142955
76 20.11227912577376 11.903634838158405
37 20.473405124086113 15.878132308664291
71 4.71235771856375 16.844301357508723
0 2.474888151587006 11.96587316168131
75 22.11130519854298 14.011043447407065
64 16.23488499847189 7.104901734688072
22 13.442023963979619 0.056620502230377734
38 10.793366820687334 15.344145352085384
25 21.568713595335183 18.585024610753127
20 22.05535348866793 15.62266601553404
64 16.96100231741258 6.118750390781139
15 17.55333100662772 1.6363079347087304
23 8.494967932384709 2.641866288443626
54 2.4719181800232564 3.361952277495182
36 5.580741966082573 1.0012154457267077
71 5.301648762525065 16.401617361530374
69 5.151895178311561 3.4192343050078238
0 2.3536770988657114 12.131531298132641
24 7.562026856704524 8.311143139307257
31 22.604854691463682 8.142969896093899
59 1.585525251354544 8.689489068109564
5 5.215914471983442 18.52698725845554
53 14.058498622053904 7.404965333495564
47 7.489249418130689 9.240842725533351
25 22.20127435954688 20.206080305123034
30 1.0013560266596762 22.93310992678769
41 12.656309586803669 15.97694354884504
19 12.31279263056695 8.223878541825377
36 5.026196572283949 0.8552446185448184
55 12.52177253859269 3.1050101073310032
26 11.961440616938336 12.5176531893306
5 4.897187056796171 18.95369226523248
19 12.295220226589365 6.727339554955295
52 7.417624803710035 18.37677119017194
39 1.6033460422209425 18.986331703118214
18 2.281788919486215 1.3002326401874793
45 6.658713868445239 11.988294058768176
56 2.6430173939218697 5.14569084598584
27 4.845370860713009 13.781182864108194
25 21.72282649669504 18.64641700142382
30 1.2561699427991602 22.82688868709035
78 3.533127227462743 14.957526952424587
28 14.06020719077248 4.434726574084735
56 0.3168927084148011 5.801997059441504
45 7.571744109794282 12.041400862222066
57 3.1815289252840415 5.605942303939344
69 3.182839595894684 3.2785376498717556
60 3.506921402523834 8.609615255242693
29 18.912586698114563 6.493291536570817
16 9.800202919986411 16.86206927365696
8 15.884412132714901 8.41920953023217
44 12.509418626830257 10.627627566093373
9 17.988053544422502 0.1613652982254189
55 13.445897644064663 2.3024162032020143
30 2.5297838776295145 22.074813302223014
42 3.6784874417729467 9.577635530065063
76 20.46772948586246 12.061700115712124
76 20.4673578205392 12.411723557509696
62 12.830592309960595 21.32403688541644
13 9.702066360966116 20.65532417688129
31 22.93289802310891 6.730327535394195
17 21.224811759735903 21.465035083076227
11 6.960203836424024 3.486571115124044
35 0.30370752032254134 17.729866311381933
61 18.825105367820814 7.629095327036457
27 5.162575601887075 13.767450240188957
32 18.68598970756558 19.757564863524625
38 12.31174145590386 15.100929015412833
37 19.80297356750452 16.321982882327305
19 11.71882007066659 8.376347581040056
79 17.577752729561695 20.983503657354472
68 8.93591333593251 13.897849873396488
33 16.12562404850258 17.248837319321275
68 9.859457954488528 12.54355255338325
27 3.9933136124911135 13.717967260251609
55 12.012592947326903 3.7490560661727073
44 13.252607597613164 10.469364453068497
59 0.09293927077151931 7.640963962678739
34 22.23593604966795 1.3949833913162009
18 1.1058096140384934 1.0771879049150677
52 6.923419187014515 18.852825888083526
72 0.55394768696924 11.323484262218795
5 4.022257142761775 18.89824167017565
8 15.129271396499727 8.360707485513668
35 0.6813703913683271 16.072528401699767
52 7.032189885950244 18.4462813509232
22 13.523411912269601 1.1963448904096314
77 14.217704079853377 9.73148364531411
40 0.6336313091110878 3.516772896745684
4 10.322876662613178 8.269294188490358
36 4.351487945734482 1.854561511019594
5 4.497659532065148 20.032963507406368
11 6.207856458780132 4.52609700934382
58 19.9617656012394 18.417056423984643
43 17.663865915310417 18.78369747576877
25 21.163462390640998 19.707350751062158
37 18.59636004559276 16.769366035387133
22 14.378165809984582 1.99199139137512
55 12.754616120049205 3.8019098586987585
70 17.3837111869676 10.216986986945868
59 0.29993360434167016 8.866129233516398
36 5.124010920360956 2.2065206583622676
73 8.558411048289411 16.137688029995914
48 11.301021974997232 3.069880820975974
10 6.0028807832014675 21.914784676099494
13 8.577045406861439 20.65844596729527
34 21.343121652692204 0.9151270873431934
26 11.751286707150323 13.363043479222332
39 3.076546946391673 19.769334886107323
23 9.278867350682278 0.8176479053774721
4 10.827137258364964 7.290808639042313
44 13.376596499546707 11.547809910670601
60 3.0062400250148795 8.412880790101188
78 3.8953126162686083 16.46966325958125
40 0.6900659221600254 4.228783472629255
25 21.43009261262856 20.243114276834035
38 10.613648235739785 14.802850127628544
49 12.25446144540357 1.6209454807031156
46 16.692588593810687 13.157915913504365
62 14.462612975954164 22.00402027756461
41 14.474605013131164 18.95310119139608
28 13.678893393603941 4.715949787859626
15 18.855086302080405 3.559619769893558
38 11.366108924892485 16.26720876094569
57 3.6018694977962955 6.407929452725037
28 14.788007846695532 4.573461851428818
47 6.380140472665909 10.003058852815988
35 2.286018542168034 17.129216689420193
57 3.3809980882286426 5.2087969367652835
77 14.647140125203054 10.850742506486517
72 0.39541732365565796 10.58407281521922
38 10.675585405247462 15.143136689456627
43 16.506497390167002 18.20408658500488
23 7.922783020011937 2.577395222204902
74 11.16082605093919 5.1144259236525045
57 4.272151710190148 5.575772341751573
63 13.690382836094644 13.926789348369784
42 4.1071843212939685 10.579652680598445
44 13.81871206155918 10.568129325181966
32 18.045932007528673 20.001886343250664
60 3.24435598368279 8.130602405724266
2 19.497858044921692 14.674248597296558
63 14.267593625380064 15.083607055649548
5 6.132631319254485 18.753059874829223
45 7.813882454243658 12.738368669605634
61 19.28710437841389 7.606213237935865
14 0.22125412133480293 20.192367077150713
17 20.454765534235435 22.577448351876345
5 5.983000802177601 18.20891802733578
70 17.96998409128057 10.700339226582674
46 15.618351601485621 12.037209242346666
63 15.100827445276911 14.306688675432543
0 2.4036123216732443 10.992124713262168
70 18.29264519531791 11.137721298807435
41 13.173140106602869 18.39394892319743
34 21.63248270614285 1.1772810227239234
47 6.71995397994468 10.709926168231584
55 13.540651514579915 2.72788479465104
25 21.830295658810652 19.47812770616787
74 8.951759790053575 4.579924879972872
47 6.429610530709508 11.444786441558229
33 16.15752357429115 16.532448864308815
48 9.988142352336627 3.222036218445986
41 12.638148422393535 15.971658004155074
18 2.7134114630354094 1.101108546368146
45 9.020791976963919 11.436512960550397
22 12.996324452450391 0.2518035680341779
57 4.709007365876746 5.523802065104061
49 11.80919206609172 1.7537012186336192
55 13.678992912193618 2.4749344666513124
33 15.687221385140035 17.08972642789562
50 0.7957362433801394 13.732626044385281
18 1.3729945179505014 1.3808427510476324
50 1.3532292176447294 14.895162365090387
50 0.3218047147801304 14.555412705677131
70 17.781813591608095 11.282929715687223
28 14.852023047889267 4.098461949360469
78 2.7769365163846746 15.843706729017281
60 3.946789686574238 7.368602994704403
0 2.520077713026721 12.921831050869494
51 21.957258062568943 3.6965228647215334
27 4.913197659191742 14.580463911698239
74 10.575702797620187 5.705598122804142
39 1.65395175650748 19.433087796050547
41 13.625249752032525 17.620758929053242
70 17.361476794624252 10.292810970050537
13 8.498151077957852 20.378962778122816
29 18.465028114990247 5.961607763837235
75 22.90817852393119 13.580794904407286
52 7.884245460498741 18.29288574120894
31 21.286074040986954 6.26672118364785
22 13.484156503187187 1.324648171260595
53 14.890950329058251 7.05461219488667
49 9.946526605228879 0.22548328220185576
10 3.8519283914043703 21.547956571836014
16 9.096620733397323 17.629999385296394
35 1.2554304580025386 16.58065321996102
41 12.991120046791535 16.644478417939993
54 1.5576486503565938 4.4208810514573385
46 14.881293477832738 11.59357881031123
9 19.49719400568271 0.8026545951880057
35 2.110930729514528 16.82287675624423
61 20.266738170283425 6.859741185133191
75 22.685846499791143 12.856368475461126
55 12.523032233261754 3.5730039528875057
69 3.864241719621157 2.39289932780408
63 15.32046655394978 15.135197346625763
11 7.053911675419419 3.1425154131086352
7 19.002421865223468 20.859903756354694
56 2.1211544509219267 5.490877308919025
56 2.7707636781356086 5.468108156902797
41 13.158327707338747 16.796275837933614
9 20.620957975577348 2.43154306235986
29 19.282947468110976 6.88474260437338
39 3.2266016900262904 20.96675432016486
73 8.603049177757294 14.788752531089443
57 3.415757177548337 5.905734009788074
60 3.8544147125655095 8.262797412578893
11 8.486291426164513 3.4571093405286804
76 19.638343348382758 10.978095947920467
59 1.1448805018458632 9.16269605229975
28 15.878970039436254 4.336642031352109
58 19.71375941539093 18.164271852268225
10 5.790517493922971 20.72610802026765
16 10.244047915435575 17.160223662563954
45 7.189559957752602 13.376029170205047
23 7.798458082714928 1.961651917919259
30 1.5616929338562158 22.064956774132316
59 0.46058187119745453 8.390139315617414
24 9.165409785032548 6.449284716177559
23 7.165331743280112 1.382465353419113
9 20.744342875505588 2.248450453139759
41 14.11122217509561 17.882944488992994
35 0.5884776671650271 17.43677545931681
57 4.294129684354499 6.8240233388153975
75 21.404377107887502 14.24707183572913
75 22.340950834879376 12.848405443904754
57 4.807343256171089 4.980797009025123
45 7.605012201239721 12.914390015381741
41 14.114587400766236 17.278396045529206
61 19.136725838025153 8.517575651466254
73 8.541762596781428 15.601586840575953
52 6.642478194858666 18.143933821852844
3 10.52020286868088 11.067724222443191
28 12.595566406624922 5.804686343326147
26 11.181965999781976 11.837176265616927
43 15.478029863186991 19.37146707109638
62 13.263805859153393 22.730222813315603
56 1.7526220597731537 5.078112000956722
74 9.581776617295898 3.889883574184332
10 5.334919782044413 20.69684860303693
13 8.456415515144915 19.48781898040376
33 16.2869766406626 16.03914287093258
27 4.904073133120958 11.801537035191346
19 11.244537106469377 7.776458437428575
45 7.852945632365139 13.386323593677854
22 13.352716312455872 1.046768894206879
47 8.680808943824312 11.15527050659396
64 16.420481986757306 7.2850087091065925
15 17.427226878459145 1.995407090293575
62 14.234525075137055 20.190749881138615
14 0.0947119102262226 19.476155129027934
11 7.737126496665065 4.010383517169202
4 9.466324722749793 7.9759024086772214
65 10.348657051205967 18.90869262797526
0 1.26535223296559 12.388996479988716
47 7.779962028781161 10.790464850207508
29 17.90096167106634 5.38941814465747
50 0.7329430237164666 14.80041368023972
1 17.882595769583663 11.889965618944403
66 7.972325556907312 22.662338974979377
35 2.8600882327861146 17.146109572135334
76 19.61899384987611 11.80595656904642
56 2.189585233211897 6.316988403013514
43 17.24488393665121 19.20345348678685
63 13.886810764914676 14.621660567213459
51 21.75231858737199 3.818328205938503
6 10.127571431807839 22.868303591701764
15 17.833960393737858 1.5150785680683798
28 12.845202581714137 5.698380691145009
1 18.444451744791042 12.119807328435893
36 4.959207575633888 2.0937870909181533
68 9.364124326124415 13.05396653501154
57 5.628433431408678 5.913601561934183
3 8.521984044977431 10.180085264770145
10 5.357941317965716 20.794513475151426
52 8.172866222135907 18.409417569754353
66 6.8761700439173765 21.711726325781253
69 4.001773142629725 2.7577536268535363
49 10.16916956658997 1.3778427720692397
67 21.091502756530314 4.2924948501867615
41 14.458067163376677 18.712245819057852
67 20.846769334155972 2.951580662855884
40 0.6158356168524286 2.7378812462232593
1 18.55406629148662 11.755546525360911
77 14.386711528676654 10.739860731547727
68 9.214766235945056 13.550038171911169
0 1.887353345498565 12.675468036334513
33 15.435181661041169 16.178435156700406
79 16.591980211705597 20.625675780346338
73 7.4506698325410134 16.889077332686
70 18.04969381680046 9.134211887310759
6 11.152326761196687 21.614481690859606
45 7.46624761002097 12.363365479433405
40 0.39400405014564277 1.8866258874556148
15 18.431637077770652 2.90993226831473
72 0.10150608462967725 10.381739494167261
38 10.917338236771402 14.564117015654455
60 3.11455654345538 7.527773404660639
44 12.777129674177386 11.624405268517592
4 10.24736086350026 8.04012727067448
49 10.882540560789419 1.8457289060428788
73 7.960962636534605 16.268816502097845
29 17.98383173167839 4.87628413263762
15 18.22971466577134 4.166271233014313
0 3.3588084308614 12.901226842245789
15 17.85573366375719 3.627263995591732
31 21.117091498151627 7.622805869853979
74 9.925755063324479 4.0873880645849745
58 19.52232799361356 18.96089309290269
18 0.9490745483071856 0.9298271369794655
53 14.839154215985904 6.970498069227867
78 1.6955181111884188 15.949790160013745
62 14.500714053088736 20.68383448843659
75 20.736580873227762 13.9093951614994
74 10.91076607883426 4.405998765091654
76 20.651327286600264 12.159921639234785
39 1.9013586607746036 20.37719832507411
17 20.045961026005383 22.505337148020278
18 0.6565370585732401 0.16583547163202483
1 19.006095852890347 12.284825757605372
24 6.377165471893601 6.377062748555732
16 10.323581897827093 16.891220759065902
58 18.930887101044604 18.4412183652105
26 12.589317385894589 12.033273829918441
35 1.328319393788858 17.46623523312215
77 14.773843607158135 9.994019243511644
15 19.184555426574594 2.6558004983754633
13 7.828030281208128 20.0979880356259
41 13.499911861387625 18.171430933865903
34 22.501750430028554 1.0528165739881956
24 8.733690062548227 7.994109583954547
50 0.8215649166497322 15.247287380294766
75 20.385190810184028 14.223161995806247
3 8.301376593301121 9.027809358870675
6 11.626696547604423 20.653246449267797
16 10.045919901355528 16.5742872002346
29 18.79089151142534 7.001499919694222
79 17.04355008203925 20.370843884092004
34 21.605597211461927 0.07563577422968315
77 15.173368005158045 10.026684289565505
59 1.0582190065741746 9.047075842102373
14 0.27182024648234904 21.367379286983013
72 0.7039331497928945 9.823378348253122
28 15.685023242485071 3.494076488703276
41 13.141588877294 16.373360925135977
24 5.914348454240357 6.857582598120824
78 2.1465648183125428 14.38484282824881
16 9.595847487473645 16.366736355392817
29 18.737191074102093 7.1189883000090886
24 8.213431582662508 6.9768947719577
44 11.785273508638944 10.642393058751189
21 22.551751017054976 11.522266080324213
35 0.876581808295035 15.95477864117853
64 17.577941925502685 8.10572521892788
24 7.891978003189093 7.165557732350304
79 16.131514023014233 20.501949003463555
36 3.501496552534302 1.5069872376264835
61 21.151138335955885 9.20959896892979
37 20.553696413734563 16.44009660446476
64 17.69704687287391 6.687560398662755
25 22.892341191490747 21.620661326468557
54 1.7520370884878016 2.560701451309548
59 1.6878854464548296 8.814299197164916
