0 0.24580197557996064 4.691244522469812
0 0.2613828645247007 3.2855046057673003
0 1.0778309776668316 4.422865704883897
3 1.5452856684369654 2.4761208355381035
1 4.763099396586509 2.4277195059183776
0 0.5588645393660319 3.980880577243408
1 4.690293809521985 4.713306921270368
3 1.0728491494885817 2.220284206843888
2 3.503601883410055 2.7213329677016262
2 2.2219174280377225 3.6670266490871035
2 2.6421217760964804 2.1885451206274054
0 0.1970871943271102 2.96769306207999
3 2.0880717511256814 0.9286788097373594
1 4.517887856360801 1.6711220823483397
3 2.4641339853988855 0.8629962052193485
2 3.5371603693856537 1.731620321163484
4 0.12766763599695363 0.8500142774836911
3 3.028357554852561 0.5074899377081898
3 1.290136531369721 1.7043813717105083
3 2.782491799537054 1.075131300398045
3 1.9740440877545646 0.2388672405099418
4 1.0272741403883034 1.2127035805709956
2 2.354104497894654 4.165156810131563
4 0.1717538076834918 0.02543581089148983
