0.36438596188836525, 0.8655419021997023, 0.8168500588328543, 0.16999412178865278
0.35870558653386764, 0.9395525203761517, 0.8622127093628814, 0.11910518057027425
0.31377709191043157, 0.9057570893675537, 0.8651431683599519, 0.05530359620185245
0.32996120096827025, 0.8843005619818586, 0.8567588214309648, 0.07155645271913313
f 68507.6976299775
0.22290425779737574, 0.8501831371416328, 0.9631614684331244, 0.0857233128335575
f 68189.84048712035

0.9096472983082879, 0.4195441504092986, 0.2818948804986545, 0.37922819461965035
0.9129835659840638, 0.4591776829149084, 0.276044140742447, 0.4251608799574193
0.8896185487227213, 0.4702259642386971, 0.32121847410927185, 0.4007045507480304
0.831810304992016, 0.5783860879324603, 0.37949274737266814, 0.4887894152380687
0.9012870734496311, 0.5801299824545397, 0.47126447423791284, 0.5395653333716938
0.8449715287354611, 0.6411738841133376, 0.4074117967960907, 0.5332223481741429
f 68655.26905854892
